Model comparison grid (Version 7)
================================

K-Means
-------
run	k	Silhouette	Davies-Bouldin
1	3	0.41274340961424183	0.9889641791876005
2	3	0.30564883052665714	1.108494498933567
3	3	0.41274340961424183	0.9889641791876005
4	3	0.41274340961424183	0.9889641791876004
1	5	0.2871115835854435	1.0848837751982987
2	5	0.2901130051178601	1.0863163435453482
3	5	0.2753413296649717	1.0579953974023806
4	5	0.2943103787948305	1.0883563481823368
1	8	0.3439481951256362	0.8779512153780936
2	8	0.32945280720708403	0.8707083587999805
3	8	0.3301509362767183	0.8695519259825784
4	8	0.3446625999529485	0.8775142531217912

DBSCAN
------
run	profile	eps	min_samples	Silhouette	Davies-Bouldin
1	strict	0.4	15	0.2687724923336332	1.3106866595152786
2	strict	0.4	15	0.2687724923336332	1.3106866595152786
3	strict	0.4	15	0.2687724923336332	1.3106866595152786
4	strict	0.4	15	0.2687724923336332	1.3106866595152786
1	medium	0.55	10	0.396995230896243	0.5299291193921422
2	medium	0.55	10	0.396995230896243	0.5299291193921422
3	medium	0.55	10	0.396995230896243	0.5299291193921422
4	medium	0.55	10	0.396995230896243	0.5299291193921422
1	lenient	0.8	5	0.5504145848285675	0.34237023726297533
2	lenient	0.8	5	0.5504145848285675	0.34237023726297533
3	lenient	0.8	5	0.5504145848285675	0.34237023726297533
4	lenient	0.8	5	0.5504145848285675	0.34237023726297533

K-Means summary (mean/std across runs)
---------------------------------------
k	Silhouette_mean	Silhouette_std	Davies_mean	Davies_std
3	0.385970	0.053547	1.018847	0.059765
5	0.286719	0.008139	1.079388	0.014333
8	0.337054	0.008384	0.873931	0.004418

DBSCAN summary (mean/std across runs)
--------------------------------------
profile	eps	min_samples	Silhouette_mean	Silhouette_std	Davies_mean	Davies_std
strict	0.4	15	0.268772	0.000000	1.310687	0.000000
medium	0.55	10	0.396995	0.000000	0.529929	0.000000
lenient	0.8	5	0.550415	0.000000	0.342370	0.000000
